1 0 g3 -1.3434167584296 4.95640968039449 109.920254235297
2 0 g2 0.57576975570911 4.55911314823612 112.25643129736
3 1 g2 -0.682624746565051 6.22843740858676 113.10722901237
4 1 g1 -1.46170840509906 4.29104908195915 102.190085170415
5 0 g2 0.194358809003715 5.02286688774915 97.5684205705639
6 0 g2 -0.818132910225764 4.85365123125144 92.9997824843069
7 1 g2 1.00193542396746 3.90418741028934 65.7254514204248
8 1 g1 0.11925037705299 6.0015439421403 104.565391420197
9 1 g1 -0.176124461084061 4.65351940238458 80.5075937252181
10 0 g3 -0.115344363174133 6.22155170473108 98.8938165751879
